0 0.000 0.000 0.000 1 tiled
1 -113.000 -110.000 45.581 0 terrain1:-7:-5
1 -21.000 -110.000 45.581 0 terrain1:-6:-5
1 70.000 -110.000 45.581 0 terrain1:-5:-5
1 161.000 -110.000 45.581 0 terrain1:-4:-5
1 252.000 -110.000 45.581 0 terrain1:-3:-5
1 343.000 -110.000 45.581 0 terrain4:-2:-5
1 434.000 -110.000 45.581 0 terrain1:-1:-5
1 526.000 -110.000 45.581 0 terrain1:0:-5
1 617.000 -110.000 45.581 0 terrain1:1:-5
1 708.000 -110.000 45.581 0 terrain1:2:-5
1 799.000 -110.000 45.581 0 terrain1:3:-5
1 890.000 -110.000 45.581 0 terrain1:4:-5
1 981.000 -110.000 45.581 0 terrain1:5:-5
1 1073.000 -110.000 45.581 0 terrain1:6:-5
1 1164.000 -110.000 45.581 0 terrain1:7:-5
1 -113.000 -19.000 45.581 0 terrain1:-7:-4
1 -21.000 -19.000 45.581 0 terrain1:-6:-4
1 70.000 -19.000 45.581 0 terrain1:-5:-4
1 161.000 -19.000 45.581 0 terrain1:-4:-4
1 252.000 -19.000 45.581 0 terrain1:-3:-4
1 343.000 -19.000 45.581 0 terrain1:-2:-4
1 434.000 -19.000 45.581 0 terrain1:-1:-4
1 526.000 -19.000 45.581 0 terrain1:0:-4
1 617.000 -19.000 45.581 0 terrain1:1:-4
1 708.000 -19.000 45.581 0 terrain1:2:-4
1 799.000 -19.000 45.581 0 terrain1:3:-4
1 890.000 -19.000 45.581 0 terrain1:4:-4
1 981.000 -19.000 45.581 0 terrain1:5:-4
1 1073.000 -19.000 45.581 0 terrain1:6:-4
1 1164.000 -19.000 45.581 0 terrain1:7:-4
1 -113.000 72.000 45.581 0 terrain1:-7:-3
1 -21.000 72.000 45.581 0 terrain1:-6:-3
1 70.000 72.000 45.581 0 terrain1:-5:-3
1 161.000 72.000 45.581 0 terrain4:-4:-3
1 252.000 72.000 45.581 0 terrain1:-3:-3
1 343.000 72.000 45.581 0 terrain1:-2:-3
1 434.000 72.000 45.581 0 terrain1:-1:-3
1 526.000 72.000 45.581 0 terrain1:0:-3
1 617.000 72.000 45.581 0 terrain1:1:-3
1 708.000 72.000 45.581 0 terrain1:2:-3
1 799.000 72.000 45.581 0 terrain4:3:-3
1 890.000 72.000 45.581 0 terrain1:4:-3
1 981.000 72.000 45.581 0 terrain4:5:-3
1 1073.000 72.000 45.581 0 terrain1:6:-3
1 1164.000 72.000 45.581 0 terrain1:7:-3
1 -113.000 163.000 45.581 0 terrain1:-7:-2
1 -21.000 163.000 45.581 0 terrain1:-6:-2
1 70.000 163.000 45.581 0 terrain1:-5:-2
1 161.000 163.000 45.581 0 terrain1:-4:-2
1 252.000 163.000 45.581 0 terrain1:-3:-2
1 343.000 163.000 45.581 0 terrain4:-2:-2
1 434.000 163.000 45.581 0 terrain1:-1:-2
1 526.000 163.000 45.581 0 terrain1:0:-2
1 617.000 163.000 45.581 0 terrain1:1:-2
1 708.000 163.000 45.581 0 terrain4:2:-2
1 799.000 163.000 45.581 0 terrain1:3:-2
1 890.000 163.000 45.581 0 terrain1:4:-2
1 981.000 163.000 45.581 0 terrain1:5:-2
1 1073.000 163.000 45.581 0 terrain1:6:-2
1 1164.000 163.000 45.581 0 terrain1:7:-2
1 -113.000 254.000 45.581 0 terrain1:-7:-1
1 -21.000 254.000 45.581 0 terrain4:-6:-1
1 70.000 254.000 45.581 0 terrain1:-5:-1
1 161.000 254.000 45.581 0 terrain1:-4:-1
1 252.000 254.000 45.581 0 terrain1:-3:-1
1 343.000 254.000 45.581 0 terrain1:-2:-1
1 434.000 254.000 45.581 0 terrain1:-1:-1
1 526.000 254.000 45.581 0 terrain1:0:-1
1 617.000 254.000 45.581 0 terrain1:1:-1
1 708.000 254.000 45.581 0 terrain1:2:-1
1 799.000 254.000 45.581 0 terrain1:3:-1
1 890.000 254.000 45.581 0 terrain1:4:-1
1 981.000 254.000 45.581 0 terrain1:5:-1
1 1073.000 254.000 45.581 0 terrain1:6:-1
1 1164.000 254.000 45.581 0 terrain1:7:-1
1 -113.000 346.000 45.581 0 terrain1:-7:0
1 -21.000 346.000 45.581 0 terrain1:-6:0
1 70.000 346.000 45.581 0 terrain1:-5:0
1 161.000 346.000 45.581 0 terrain4:-4:0
1 252.000 346.000 45.581 0 terrain1:-3:0
1 343.000 346.000 45.581 0 terrain1:-2:0
1 434.000 346.000 45.581 0 terrain1:-1:0
1 526.000 346.000 45.581 0 terrain4:0:0
1 617.000 346.000 45.581 0 terrain1:1:0
1 708.000 346.000 45.581 0 terrain1:2:0
1 799.000 346.000 45.581 0 terrain1:3:0
1 890.000 346.000 45.581 0 terrain1:4:0
1 981.000 346.000 45.581 0 terrain1:5:0
1 1073.000 346.000 45.581 0 terrain1:6:0
1 1164.000 346.000 45.581 0 terrain1:7:0
1 -113.000 437.000 45.581 0 terrain1:-7:1
1 -21.000 437.000 45.581 0 terrain1:-6:1
1 70.000 437.000 45.581 0 terrain1:-5:1
1 161.000 437.000 45.581 0 terrain1:-4:1
1 252.000 437.000 45.581 0 terrain4:-3:1
1 343.000 437.000 45.581 0 terrain4:-2:1
1 434.000 437.000 45.581 0 terrain1:-1:1
1 526.000 437.000 45.581 0 terrain1:0:1
1 617.000 437.000 45.581 0 terrain1:1:1
1 708.000 437.000 45.581 0 terrain1:2:1
1 799.000 437.000 45.581 0 terrain1:3:1
1 890.000 437.000 45.581 0 terrain1:4:1
1 981.000 437.000 45.581 0 terrain1:5:1
1 1073.000 437.000 45.581 0 terrain1:6:1
1 1164.000 437.000 45.581 0 terrain1:7:1
1 -113.000 528.000 45.581 0 terrain1:-7:2
1 -21.000 528.000 45.581 0 terrain1:-6:2
1 70.000 528.000 45.581 0 terrain1:-5:2
1 161.000 528.000 45.581 0 terrain4:-4:2
1 252.000 528.000 45.581 0 terrain1:-3:2
1 343.000 528.000 45.581 0 terrain1:-2:2
1 434.000 528.000 45.581 0 terrain1:-1:2
1 526.000 528.000 45.581 0 terrain1:0:2
1 617.000 528.000 45.581 0 terrain1:1:2
1 708.000 528.000 45.581 0 terrain1:2:2
1 799.000 528.000 45.581 0 terrain1:3:2
1 890.000 528.000 45.581 0 terrain1:4:2
1 981.000 528.000 45.581 0 terrain1:5:2
1 1073.000 528.000 45.581 0 terrain1:6:2
1 1164.000 528.000 45.581 0 terrain1:7:2
1 -113.000 619.000 45.581 0 terrain1:-7:3
1 -21.000 619.000 45.581 0 terrain1:-6:3
1 70.000 619.000 45.581 0 terrain1:-5:3
1 161.000 619.000 45.581 0 terrain1:-4:3
1 252.000 619.000 45.581 0 terrain1:-3:3
1 343.000 619.000 45.581 0 terrain1:-2:3
1 434.000 619.000 45.581 0 terrain1:-1:3
1 526.000 619.000 45.581 0 terrain1:0:3
1 617.000 619.000 45.581 0 terrain1:1:3
1 708.000 619.000 45.581 0 terrain1:2:3
1 799.000 619.000 45.581 0 terrain1:3:3
1 890.000 619.000 45.581 0 terrain1:4:3
1 981.000 619.000 45.581 0 terrain4:5:3
1 1073.000 619.000 45.581 0 terrain1:6:3
1 1164.000 619.000 45.581 0 terrain1:7:3
1 -113.000 710.000 45.581 0 terrain1:-7:4
1 -21.000 710.000 45.581 0 terrain1:-6:4
1 70.000 710.000 45.581 0 terrain1:-5:4
1 161.000 710.000 45.581 0 terrain1:-4:4
1 252.000 710.000 45.581 0 terrain1:-3:4
1 343.000 710.000 45.581 0 terrain1:-2:4
1 434.000 710.000 45.581 0 terrain1:-1:4
1 526.000 710.000 45.581 0 terrain1:0:4
1 617.000 710.000 45.581 0 terrain4:1:4
1 708.000 710.000 45.581 0 terrain1:2:4
1 799.000 710.000 45.581 0 terrain1:3:4
1 890.000 710.000 45.581 0 terrain1:4:4
1 981.000 710.000 45.581 0 terrain1:5:4
1 1073.000 710.000 45.581 0 terrain1:6:4
1 1164.000 710.000 45.581 0 terrain1:7:4
1 -113.000 801.000 45.581 0 terrain1:-7:5
1 -21.000 801.000 45.581 0 terrain4:-6:5
1 70.000 801.000 45.581 0 terrain1:-5:5
1 161.000 801.000 45.581 0 terrain4:-4:5
1 252.000 801.000 45.581 0 terrain1:-3:5
1 343.000 801.000 45.581 0 terrain1:-2:5
1 434.000 801.000 45.581 0 terrain1:-1:5
1 526.000 801.000 45.581 0 terrain1:0:5
1 617.000 801.000 45.581 0 terrain1:1:5
1 708.000 801.000 45.581 0 terrain1:2:5
1 799.000 801.000 45.581 0 terrain1:3:5
1 890.000 801.000 45.581 0 terrain4:4:5
1 981.000 801.000 45.581 0 terrain1:5:5
1 1073.000 801.000 45.581 0 terrain1:6:5
1 1164.000 801.000 45.581 0 terrain1:7:5
16 480.000 300.000 82.000 0 stairs-up
2 812.000 -228.000 47.250 0 tree
17 812.000 -228.000 47.250 0 collision-proxy:tree
2 891.000 -228.000 63.483 0 tree
17 891.000 -228.000 63.483 0 collision-proxy:tree
2 -115.000 -125.000 60.350 0 tree
17 -115.000 -125.000 60.350 0 collision-proxy:tree
2 531.000 -91.000 90.525 0 shrine
17 531.000 -91.000 90.525 0 collision-proxy:shrine
17 531.000 -91.000 0.000 0 material:stone
2 1092.000 -57.000 69.402 0 tree
17 1092.000 -57.000 69.402 0 collision-proxy:tree
2 769.000 45.000 96.560 0 dwelling
17 769.000 45.000 96.560 0 collision-proxy:dwelling
2 1072.000 53.000 62.794 0 tree
17 1072.000 53.000 62.794 0 collision-proxy:tree
2 579.000 78.000 48.589 0 tree
17 579.000 78.000 48.589 0 collision-proxy:tree
2 208.000 79.000 96.560 0 dwelling
17 208.000 79.000 96.560 0 collision-proxy:dwelling
2 701.000 215.000 60.350 0 tree
17 701.000 215.000 60.350 0 collision-proxy:tree
4 358.000 300.000 0.000 35 elite
3 480.000 300.000 0.000 0 held:none
17 480.000 300.000 0.000 0 held-world:held:none
17 480.000 300.000 0.000 0 attack-pose:idle
4 1088.000 300.000 0.000 35 monster
13 358.000 300.000 0.000 0 spawn
13 1088.000 300.000 0.000 0 spawn
2 206.000 343.000 66.392 0 tree
17 206.000 343.000 66.392 0 collision-proxy:tree
2 633.000 419.000 14.688 0 tree
17 633.000 419.000 14.688 0 dressing:tree
2 123.000 453.000 96.560 0 dwelling
17 123.000 453.000 96.560 0 collision-proxy:dwelling
2 301.000 462.000 14.688 0 tree
17 301.000 462.000 14.688 0 dressing:tree
2 905.000 487.000 95.051 0 ruin
17 905.000 487.000 95.051 0 collision-proxy:ruin
2 -183.000 657.000 60.350 0 tree
17 -183.000 657.000 60.350 0 collision-proxy:tree
2 480.000 742.000 90.525 0 gate
17 480.000 742.000 0.000 0 material:bronze-stone
17 480.000 742.000 0.000 0 material-light:moving
6 358.000 300.000 121.000 0 sweep
17 0.000 0.000 0.000 0 telegraph-spec:sweep:ticks:3:reach:143
17 0.000 0.000 0.000 0 grounding:sort:y
17 0.000 0.000 0.000 0 grounding:contact-shadow
17 0.000 0.000 0.000 0 grounding:telegraph-overlay
17 106.000 66.000 0.000 0 map-blip:actor-b8875f7cc158979-3
17 58.000 66.000 0.000 0 map-blip:actor-21319acf8c529538-6
20 12.000 12.000 108.000 20 panel
17 12.000 12.000 1.000 0 minimap-zoom:0
17 12.000 12.000 220.000 220 map-opacity:220
17 12.000 126.000 0.000 0 route:route:tin:1:0
17 12.000 126.000 0.000 0 route-risk:risk wardens
17 12.000 126.000 0.000 0 route-return:return press F there
18 52.000 548.000 34.000 100 life
18 908.000 548.000 34.000 100 resource
17 52.000 548.000 0.000 0 orb-role:life-left
17 908.000 548.000 0.000 0 orb-role:mana-right
19 381.000 556.000 58.000 0 LMB:Strike
19 447.000 556.000 58.000 0 Q:Thrust
19 513.000 556.000 58.000 0 E:Sweep
19 579.000 556.000 58.000 0 R:WarCry
17 110.000 506.000 0.000 0 xp-bar
17 314.000 46.000 0.000 0 objective: slay the wardens (2 remain)
26 0.000 0.000 0.000 0 House Verdigris - Scion First Scion
17 130.000 80.000 0.000 0 controls: WASD move | mouse aim | LMB attack | RMB/Space dash | Q E R skills | X take | Z names | I gear | T hail | N road
17 0.000 0.000 0.000 0 music:muted
17 0.000 0.000 0.000 0 gpu-backend:software
17 0.000 0.000 0.000 0 focus:none
17 0.000 0.000 0.000 0 bind:ok
17 0.000 0.000 0.000 0 attack-beat:none
17 0.000 0.000 0.000 0 dressing-pass:v1
17 0.000 0.000 0.000 0 topology:fe8d4851a1108d32
17 0.000 0.000 0.000 0 input-latency:present
17 0.000 0.000 0.000 0 input-latency:p50:0.0
17 0.000 0.000 0.000 0 input-latency:p95:0.0
17 0.000 0.000 0.000 0 move-dir:eight-way
17 0.000 0.000 0.000 0 loot-filter:all
17 0.000 0.000 0.000 0 extract:uncommitted
17 0.000 0.000 0.000 0 material-light:moving
17 0.000 0.000 0.000 0 ambience:route:tin:1:0
17 0.000 0.000 0.000 0 pane-stack:0
17 0.000 0.000 0.000 0 target:camera:top-down
17 0.000 0.000 0.000 0 target:proportion:adult
17 0.000 0.000 0.000 0 target:palette:bronze-stone
17 0.000 0.000 0.000 0 target:contrast:ink-on-panel
17 719.000 12.000 0.000 0 art: PNG billboards loaded
17 719.000 36.000 0.000 0 audio muted
17 719.000 36.000 0.000 1 audio:muted
